fx:909.775390625
fy:908.5352783203125
ppx:646.9052734375
ppy:365.749267578125
