fx:913.3532104492188
fy:912.7796630859375
ppx:626.7261352539062
ppy:369.8130187988281
