fx:915.5650634765625
fy:914.6157836914062
ppx:628.326171875
ppy:359.5994567871094
